1739285846918 170.01030925783095 0
1739285846919 168.91669579139588 1
1739285846920 166.6093429359396 2
1739285846921 168.12749633501366 3
1739285846923 165.60682274067105 4
1739285846924 167.94687271305 5
1739285846925 169.056013838893 6
1739285846927 168.05463665174182 7
1739285846928 171.74779497545595 8
1739285846929 171.19188001048474 9
1739285846931 169.50211499685594 10
1739285846932 169.24155272603846 11
1739285846933 168.45192358895105 12
1739285846934 164.897630105709 13
1739285846935 167.1991606340492 14
1739285846936 165.7257265715335 15
1739285846937 168.35025661556134 16
1739285846939 172.20426325286198 17
