1739285847065 170.32203034367834 0
1739285847066 168.7131354768239 1
1739285847067 170.52433633389728 2
1739285847068 164.92804983561376 3
1739285847069 166.60723914829217 4
1739285847070 168.27427466897285 5
1739285847072 171.01304806870306 6
1739285847073 166.00613085002638 7
1739285847074 169.73001080581423 8
1739285847075 168.17371427500933 9
1739285847076 169.45518954953587 10
1739285847078 171.0801154117999 11
1739285847079 166.60231645694228 12
1739285847080 168.09428216407838 13
1739285847081 169.37333517023217 14
1739285847082 165.30071700343524 15
1739285847083 166.41112965106305 16
1739285847084 171.78764481774886 17
1739285847085 170.0880524476576 18
1739285847086 171.97283764163558 19
1739285847087 167.66794939192948 20
1739285847088 167.52760333009888 21
1739285847089 169.1515688444234 22
1739285847090 171.81551435401062 23
1739285847092 169.57194332969772 24
1739285847093 169.6518323440326 25
1739285847094 169.9493855814348 26
1739285847095 172.7963845356433 27
1739285847096 172.0644940427025 28
1739285847098 169.47811327566828 29
1739285847099 169.91840637649173 30
1739285847100 172.24856502221544 31
1739285847101 168.99675159190915 32
1739285847102 173.49984488364623 33
1739285847103 168.69926311795388 34
1739285847104 166.09022160078473 35
1739285847105 169.45937295640067 36
1739285847106 166.2739272857017 37
1739285847108 168.31229472363717 38
1739285847109 164.88545166271558 39
1739285847110 161.5639155260822 40
1739285847111 170.99196199671184 41
1739285847112 170.8079499732201 42
1739285847113 166.37088079083674 43
1739285847114 172.01346896156213 44
1739285847116 169.46695906190985 45
1739285847118 166.96300179097182 46
1739285847119 169.48526792538433 47
1739285847120 173.55822797739881 48
1739285847121 167.63259267310397 49
1739285847122 171.034121125538 50
1739285847123 168.26964867720747 51
1739285847125 167.49595437754112 52
1739285847127 170.72796698048407 53
1739285847128 167.26486447620704 54
1739285847129 168.48287157923545 55
1739285847130 173.03008508428036 56
1739285847131 165.2303090767585 57
1739285847133 165.06625538565868 58
1739285847134 169.66942928255966 59
1739285847135 173.06281660179263 60
1739285847136 170.16816708742843 61
1739285847137 168.64795430204407 62
1739285847139 169.52741541902031 63
1739285847140 168.39851373274786 64
1739285847141 170.20183740306874 65
1739285847143 167.9254141862257 66
1739285847144 168.44883333232116 67
1739285847145 172.10129623089273 68
1739285847146 172.4406262315139 69
1739285847147 170.7716898298047 70
1739285847148 169.50956154097108 71
1739285847149 167.6508397000044 72
1739285847150 165.92298136911523 73
1739285847152 168.90315029583326 74
1739285847153 166.9500651565078 75
1739285847154 167.01923062901113 76
1739285847155 171.71033885161958 77
1739285847156 170.14988077818785 78
1739285847157 167.30990151852586 79
1739285847158 168.7265732082551 80
1739285847160 168.04406946746764 81
1739285847161 165.95233136603133 82
1739285847162 167.1037284259167 83
1739285847163 171.46146982182017 84
1739285847165 168.59178787933578 85
1739285847166 167.33190199230387 86
1739285847167 168.16337596587852 87
1739285847168 169.33770390984805 88
1739285847170 171.051445738347 89
1739285847171 166.62681513547048 90
1739285847172 173.0787279393767 91
1739285847173 165.8414940378093 92
1739285847174 166.6098174212589 93
1739285847175 166.22927406582528 94
1739285847176 172.1655251755246 95
1739285847177 168.778846159129 96
1739285847179 167.56574575022074 97
1739285847180 168.06632068121084 98
1739285847182 167.88109727522277 99
