1739285846946 169.6602382411547 0
1739285846948 170.15206954596084 1
1739285846950 167.62414844216494 2
1739285846951 168.2879462497872 3
1739285846952 170.17384861144126 4
1739285846953 170.095651533418 5
1739285846954 171.0269024507877 6
1739285846955 167.31503267899973 7
1739285846957 166.09429921262125 8
1739285846958 170.6124236982308 9
1739285846959 168.33430198944083 10
1739285846960 168.1180031127248 11
1739285846961 166.31154873106271 12
1739285846963 167.41022125962738 13
1739285846964 164.5955583544143 14
1739285846965 168.4798576319576 15
1739285846966 163.31497622296433 16
1739285846972 172.17461952996612 17
1739285846973 165.6081639822033 18
1739285846974 168.97324199975682 19
1739285846976 169.8258333195985 20
1739285846977 171.62650167781769 21
1739285846978 169.94581577871833 22
1739285846979 168.233704114071 23
1739285846981 169.3389617374588 24
1739285846982 166.4696235215 25
1739285846983 168.8469733784172 26
1739285846984 166.25005494436158 27
1739285846985 168.26138581623002 28
1739285846986 167.09089099987906 29
1739285846987 169.71859839432778 30
1739285846989 169.40774015517735 31
1739285846990 166.62002748973677 32
1739285846991 167.6109351760417 33
1739285846992 172.40827898214877 34
1739285846993 165.8619247071828 35
1739285846994 167.78954571290572 36
1739285846996 168.90181386568003 37
1739285846997 164.87504109335862 38
1739285846998 169.94857510705413 39
1739285846999 169.13450296147602 40
1739285847000 167.3355748270609 41
1739285847002 168.64622468601226 42
1739285847003 172.10053797415793 43
1739285847004 170.48932523465461 44
1739285847005 169.03253788275623 45
1739285847006 167.95081875299738 46
1739285847007 169.22350515673224 47
1739285847008 168.61091772834234 48
1739285847009 167.85351030541983 49
1739285847010 167.3231981135812 50
1739285847011 169.00383321621572 51
1739285847013 168.4450002094259 52
1739285847014 167.60234718504756 53
1739285847015 169.11333721035606 54
1739285847016 169.19323090364645 55
1739285847017 167.4087642851479 56
1739285847018 173.67229502416765 57
1739285847019 167.66333171204002 58
1739285847020 164.32901325238626 59
1739285847021 168.23864269083603 60
1739285847023 169.28496220444325 61
1739285847024 167.29684356157574 62
1739285847025 165.70502057803995 63
1739285847026 167.79611548959898 64
1739285847028 167.01521499903527 65
1739285847029 165.32460527466603 66
1739285847030 169.6903956978247 67
1739285847031 169.4295514626278 68
1739285847032 168.5737810392895 69
1739285847033 166.08437691641146 70
1739285847034 169.04269989149788 71
1739285847035 169.2282538548558 72
1739285847036 172.63379264795265 73
1739285847038 168.24184158271066 74
1739285847039 165.10682012111843 75
1739285847040 173.33860630987613 76
1739285847041 171.6124398459851 77
1739285847042 169.17960018500867 78
1739285847043 169.70898801685377 79
1739285847044 166.161760293379 80
1739285847045 167.24370652440209 81
1739285847046 166.39155493637531 82
1739285847047 170.78600387231012 83
1739285847049 166.3712064835251 84
1739285847050 172.29738722103005 85
1739285847052 165.90558278709008 86
1739285847053 167.58201774573902 87
1739285847054 168.63584824291667 88
1739285847055 170.25573196181102 89
1739285847056 168.63243231825908 90
1739285847057 169.34583961261973 91
1739285847058 171.11713410968434 92
1739285847059 168.5520122436735 93
